Config_Id,Dispose_AlertId_1,Dispose_AlertId_2
61,60,252
61,61,253
61,62,254
61,63,255
61,64,256
61,65,257
61,66,258
61,67,259
61,68,260
61,69,261
61,70,262
61,71,263
61,72,264
61,73,265
61,74,266
61,75,267
61,76,268
61,77,269
61,78,270
61,79,271
61,80,272
61,81,273
61,82,274
61,83,275
61,84,276
61,85,277
61,86,278
61,87,279
61,88,280
61,89,281
61,90,282
61,91,283
61,92,284
61,93,285
61,94,286
61,95,287
61,1,288
61,2,289
61,3,290
61,4,291
61,5,292
61,6,293
61,7,294
61,8,295
61,9,296
61,10,297
61,11,298
61,12,299
61,13,300
61,14,301
61,15,302
61,16,303
61,17,304
61,18,305
61,19,306
61,20,307
61,21,308
61,22,309
61,23,310
61,24,311
61,25,312
61,26,313
61,27,314
61,28,315
61,29,316
61,30,317
61,31,318
61,32,319
61,33,320
61,34,321
61,35,322
61,36,323
61,37,324
61,38,325
61,39,326
61,40,327
61,41,328
61,42,329
61,43,330
61,44,331
61,45,332
61,46,333
61,47,334
61,48,335
61,49,336
61,50,337
61,51,338
61,52,339
61,53,340
61,54,341
61,55,342
61,56,476
61,57,477
61,191,478
61,192,479
61,193,480
61,194,481
61,195,482
61,196,483
61,197,484
61,198,485
61,199,486
61,200,487
61,201,488
61,202,489
61,203,490
61,204,491
61,205,492
61,206,493
61,207,494
61,208,495
61,209,496
61,210,497
61,211,498
61,212,499
61,213,500
61,214,501
61,215,502
61,216,503
61,217,504
61,218,505
61,219,506
61,220,507
61,221,508
61,222,509
61,223,510
61,224,511
61,225,512
61,226,513
61,227,514
61,228,515
61,229,516
61,230,517
61,231,518
61,232,519
61,233,520
61,234,521
61,235,522
61,236,523
61,237,524
61,238,525
61,239,526
61,240,527
61,241,528
61,242,529
61,243,530
61,244,531
61,245,532
61,246,381
61,247,382
61,96,383
61,97,384
61,98,385
61,99,386
61,100,387
61,101,388
61,102,389
61,103,390
61,104,391
61,105,392
61,106,393
61,107,394
61,108,395
61,109,396
61,110,397
61,111,398
61,112,399
61,113,400
61,114,401
61,115,402
61,116,403
61,117,404
61,118,405
61,119,406
61,120,407
61,121,408
61,122,409
61,123,410
61,124,411
61,125,412
61,126,413
61,127,414
61,128,415
61,129,416
61,130,417
61,131,418
61,132,419
61,133,420
61,134,421
61,135,422
61,136,423
61,137,424
61,138,425
61,139,426
61,140,427
61,141,428
61,142,429
61,143,430
61,144,431
61,145,432
61,146,433
61,147,434
61,148,435
61,149,436
61,150,437
61,151,438
61,152,439
61,153,440
61,154,441
61,155,442
61,156,443
61,157,444
61,158,445
61,159,446
61,160,447
61,161,448
61,162,449
61,163,450
61,164,451
61,165,452
61,166,453
61,167,454
61,168,455
61,169,456
61,170,457
61,171,458
61,172,459
61,173,460
61,174,461
61,175,462
61,176,463
61,177,464
61,178,465
61,179,466
61,180,467
61,181,468
61,182,469
61,183,470
61,184,471
61,185,472
61,186,473
61,187,474
61,188,475
61,189,533
61,190,534
61,343,535
61,344,536
61,345,537
61,346,538
61,347,539
61,348,540
61,349,541
61,350,542
61,351,543
61,352,544
61,353,545
61,354,546
61,355,547
61,356,548
61,357,549
61,358,550
61,359,551
61,360,552
61,361,553
61,362,554
61,363,555
61,364,556
61,365,557
61,366,558
61,367,559
61,368,560
61,369,561
61,370,562
61,371,563
61,372,564
61,373,565
61,374,566
61,375,567
61,376,568
61,377,569
61,378,570
61,379,571
61,380,572
61,248,573
61,249,574
61,250,575
61,251,576
62,634,815
62,635,816
62,636,666
62,637,667
62,638,668
62,639,669
62,640,670
62,641,671
62,642,672
62,643,673
62,644,674
62,645,675
62,646,676
62,647,677
62,648,678
62,649,679
62,650,680
62,651,681
62,652,682
62,653,683
62,654,684
62,655,685
62,656,686
62,657,687
62,658,688
62,659,689
62,660,690
62,661,691
62,662,692
62,663,693
62,664,694
62,665,695
62,581,696
62,582,697
62,583,698
62,584,699
62,585,700
62,586,701
62,587,702
62,588,703
62,589,704
62,590,705
62,591,706
62,592,707
62,593,708
62,594,709
62,595,710
62,596,711
62,597,712
62,598,713
62,599,714
62,600,715
62,601,716
62,602,717
62,603,718
62,604,719
62,605,720
62,606,721
62,607,722
62,608,723
62,609,724
62,610,725
62,611,726
62,612,727
62,613,728
62,614,729
62,615,730
62,616,731
62,617,732
62,618,733
62,619,734
62,620,735
62,621,736
62,622,737
62,623,738
62,624,739
62,625,740
62,626,741
62,627,742
62,780,743
62,781,744
62,782,745
62,783,746
62,784,747
62,785,748
62,786,749
62,787,750
62,788,751
62,789,752
62,790,753
62,791,754
62,792,755
62,793,756
62,794,757
62,795,758
62,796,759
62,797,760
62,798,761
62,799,762
62,800,763
62,801,764
62,802,765
62,803,766
62,804,767
62,805,768
62,806,769
62,807,770
62,808,771
62,809,772
62,810,773
62,811,774
62,812,775
62,813,776
62,814,777
62,779,778
