Config_Id,AlterConfigId,DisposeAlertId
61,43,63
61,43,64
61,43,65
61,43,66
61,43,67
61,43,68
61,43,69
61,43,70
61,43,71
61,43,72
61,43,73
61,43,74
61,43,75
61,43,76
61,43,77
61,43,78
61,43,79
61,43,81
61,43,82
61,43,83
61,43,84
61,43,85
61,43,86
61,43,87
61,43,88
61,43,89
61,43,90
61,43,91
61,43,92
61,43,93
61,43,94
61,43,95
61,43,1
61,43,2
61,43,3
61,43,4
61,43,5
61,43,6
61,43,7
61,43,8
61,43,9
61,43,10
61,43,11
61,43,12
61,43,13
61,43,14
61,43,15
61,43,16
61,43,17
61,43,18
61,43,19
61,43,20
61,43,21
61,43,22
61,43,23
61,43,24
61,43,25
61,43,26
61,43,27
61,43,28
61,43,29
61,43,30
61,43,31
61,43,32
61,43,33
61,43,34
61,43,35
61,43,36
61,43,37
61,43,38
61,43,39
61,43,40
61,43,41
61,43,42
61,43,43
61,43,44
61,43,45
61,43,46
61,43,47
61,43,48
61,43,49
61,43,50
61,43,51
61,43,52
61,43,53
61,43,54
61,43,55
61,43,56
61,43,57
61,43,191
61,43,192
61,43,193
61,43,194
61,43,195
61,43,196
61,43,197
61,43,198
61,43,199
61,43,200
61,43,201
61,43,202
61,43,203
61,43,204
61,43,205
61,43,206
61,43,207
61,43,208
61,43,209
61,43,210
61,43,211
61,43,212
61,43,213
61,43,214
61,43,215
61,43,216
61,43,217
61,43,218
61,43,219
61,43,220
61,43,221
61,43,222
61,43,223
61,43,224
61,43,225
61,43,226
61,43,227
61,43,228
61,43,229
61,43,230
61,43,231
61,43,232
61,43,233
61,43,234
61,43,235
61,43,236
61,43,237
61,43,238
61,43,239
61,43,240
61,43,241
61,43,242
61,43,243
61,43,244
61,43,245
61,43,246
61,43,247
61,43,96
61,43,97
61,43,98
61,43,99
61,43,100
61,43,101
61,43,102
61,43,103
61,43,104
61,43,105
61,43,106
61,43,107
61,43,108
61,43,109
61,43,110
61,43,111
61,43,112
61,43,113
61,43,114
61,43,115
61,43,116
61,43,117
61,43,118
61,43,119
61,43,120
61,43,121
61,43,122
61,43,123
61,43,124
61,43,125
61,43,126
61,43,127
61,43,128
61,43,129
61,43,130
61,43,131
61,43,132
61,43,133
61,43,134
61,43,135
61,43,136
61,43,137
61,43,138
61,43,139
61,43,140
61,43,141
61,43,142
61,43,143
61,43,144
61,43,145
61,43,146
61,43,147
61,43,148
61,43,149
61,43,150
61,43,151
61,43,152
61,43,153
61,43,154
61,43,155
61,43,156
61,43,157
61,43,158
61,43,159
61,43,160
61,43,161
61,43,162
61,43,163
61,43,164
61,43,165
61,43,166
61,43,167
61,43,168
61,43,169
61,43,170
61,43,171
61,43,172
61,43,173
61,43,174
61,43,175
61,43,176
61,43,177
61,43,178
61,43,179
61,43,180
61,43,181
61,43,182
61,43,183
61,43,184
61,43,185
61,43,186
61,43,187
61,43,188
61,43,189
61,43,190
61,43,343
61,43,344
61,43,345
61,43,346
61,43,347
61,43,348
61,43,349
61,43,350
61,43,351
61,43,352
61,43,353
61,43,354
61,43,355
61,43,356
61,43,357
61,43,358
61,43,359
61,43,360
61,43,361
61,43,362
61,43,363
61,43,364
61,43,365
61,43,366
61,43,367
61,43,368
61,43,369
61,43,370
61,43,371
61,43,372
61,43,373
61,43,374
61,43,375
61,43,376
61,43,377
61,43,378
61,43,379
61,43,380
61,43,248
61,43,249
61,43,250
61,43,251
61,43,252
61,43,254
61,43,255
61,43,256
61,43,257
61,43,258
61,43,259
61,43,260
61,43,261
61,43,262
61,43,263
61,43,264
61,43,265
61,43,266
61,43,267
61,43,268
61,43,269
61,43,270
61,43,271
61,43,273
61,43,274
61,43,275
61,43,276
61,43,277
61,43,278
61,43,279
61,43,280
61,43,281
61,43,282
61,43,283
61,43,284
61,43,285
61,43,286
61,43,287
61,43,288
61,43,289
61,43,290
61,43,291
61,43,292
61,43,293
61,43,294
61,43,295
61,43,296
61,43,297
61,43,298
61,43,299
61,43,300
61,43,301
61,43,302
61,43,303
61,43,304
61,43,305
61,43,306
61,43,307
61,43,308
61,43,309
61,43,310
61,43,311
61,43,312
61,43,313
61,43,314
61,43,315
61,43,316
61,43,317
61,43,318
61,43,319
61,43,320
61,43,321
61,43,322
61,43,323
61,43,324
61,43,325
61,43,326
61,43,327
61,43,328
61,43,329
61,43,330
61,43,331
61,43,332
61,43,333
61,43,334
61,43,335
61,43,336
61,43,337
61,43,338
61,43,339
61,43,340
61,43,341
61,43,342
61,43,476
61,43,477
61,43,478
61,43,479
61,43,480
61,43,481
61,43,482
61,43,483
61,43,484
61,43,485
61,43,486
61,43,487
61,43,488
61,43,489
61,43,490
61,43,491
61,43,492
61,43,493
61,43,494
61,43,495
61,43,496
61,43,497
61,43,498
61,43,499
61,43,500
61,43,501
61,43,502
61,43,503
61,43,504
61,43,505
61,43,506
61,43,507
61,43,508
61,43,509
61,43,510
61,43,511
61,43,512
61,43,513
61,43,514
61,43,515
61,43,516
61,43,517
61,43,518
61,43,519
61,43,520
61,43,521
61,43,522
61,43,523
61,43,524
61,43,525
61,43,526
61,43,527
61,43,528
61,43,529
61,43,530
61,43,531
61,43,532
61,43,381
61,43,382
61,43,383
61,43,384
61,43,385
61,43,386
61,43,387
61,43,388
61,43,389
61,43,390
61,43,391
61,43,392
61,43,393
61,43,394
61,43,395
61,43,396
61,43,397
61,43,398
61,43,399
61,43,400
61,43,401
61,43,402
61,43,403
61,43,404
61,43,405
61,43,406
61,43,407
61,43,408
61,43,409
61,43,410
61,43,411
61,43,412
61,43,413
61,43,414
61,43,415
61,43,416
61,43,417
61,43,418
61,43,419
61,43,420
61,43,421
61,43,422
61,43,423
61,43,424
61,43,425
61,43,426
61,43,427
61,43,428
61,43,429
61,43,430
61,43,431
61,43,432
61,43,433
61,43,434
61,43,435
61,43,436
61,43,437
61,43,438
61,43,439
61,43,440
61,43,441
61,43,442
61,43,443
61,43,444
61,43,445
61,43,446
61,43,447
61,43,448
61,43,449
61,43,450
61,43,451
61,43,452
61,43,453
61,43,454
61,43,455
61,43,456
61,43,457
61,43,458
61,43,459
61,43,460
61,43,461
61,43,462
61,43,463
61,43,464
61,43,465
61,43,466
61,43,467
61,43,468
61,43,469
61,43,470
61,43,471
61,43,472
61,43,473
61,43,474
61,43,475
61,43,533
61,43,534
61,43,535
61,43,536
61,43,537
61,43,538
61,43,539
61,43,540
61,43,541
61,43,542
61,43,543
61,43,544
61,43,545
61,43,546
61,43,547
61,43,548
61,43,549
61,43,550
61,43,551
61,43,552
61,43,553
61,43,554
61,43,555
61,43,556
61,43,557
61,43,558
61,43,559
61,43,560
61,43,561
61,43,562
61,43,563
61,43,564
61,43,565
61,43,566
61,43,567
61,43,568
61,43,569
61,43,570
61,43,571
61,43,572
61,43,573
61,43,574
61,43,575
61,43,576
