Config_Id,AlterConfigId,DisposeAlertId1,DisposeAlertId2
61,43,65,181
61,43,66,182
61,43,67,183
61,43,68,184
61,43,69,185
61,43,70,186
61,43,71,187
61,43,72,188
61,43,73,189
61,43,74,190
61,43,75,343
61,43,76,344
61,43,77,345
61,43,78,346
61,43,79,347
61,43,81,348
61,43,82,349
61,43,83,350
61,43,84,351
61,43,85,352
61,43,86,353
61,43,87,354
61,43,88,355
61,43,89,356
61,43,90,357
61,43,91,358
61,43,92,359
61,43,93,362
61,43,94,365
61,43,95,366
61,43,1,367
61,43,2,368
61,43,3,369
61,43,4,370
61,43,5,371
61,43,6,372
61,43,7,373
61,43,8,374
61,43,9,375
61,43,10,376
61,43,11,377
61,43,12,378
61,43,13,379
61,43,14,380
61,43,15,248
61,43,16,249
61,43,17,250
61,43,18,251
61,43,19,252
61,43,20,254
61,43,21,255
61,43,22,256
61,43,23,257
61,43,26,258
61,43,27,259
61,43,32,260
61,43,33,261
61,43,34,262
61,43,35,263
61,43,36,264
61,43,37,265
61,43,38,266
61,43,39,267
61,43,40,268
61,43,41,269
61,43,42,270
61,43,43,271
61,43,44,273
61,43,45,274
61,43,46,275
61,43,47,276
61,43,48,277
61,43,49,278
61,43,50,279
61,43,51,280
61,43,52,281
61,43,53,282
61,43,54,283
61,43,55,284
61,43,56,285
61,43,57,288
61,43,191,289
61,43,192,290
61,43,193,291
61,43,194,292
61,43,195,293
61,43,196,294
61,43,197,295
61,43,198,296
61,43,199,297
61,43,200,298
61,43,201,299
61,43,202,300
61,43,203,301
61,43,204,302
61,43,205,303
61,43,206,304
61,43,207,305
61,43,208,306
61,43,209,307
61,43,210,308
61,43,211,309
61,43,212,310
61,43,213,311
61,43,214,312
61,43,215,313
61,43,218,314
61,43,219,315
61,43,220,316
61,43,221,317
61,43,222,318
61,43,223,319
61,43,224,320
61,43,225,321
61,43,226,322
61,43,227,323
61,43,228,324
61,43,229,325
61,43,230,326
61,43,231,327
61,43,232,328
61,43,233,329
61,43,234,330
61,43,235,331
61,43,236,334
61,43,237,335
61,43,238,336
61,43,239,337
61,43,240,338
61,43,241,339
61,43,242,340
61,43,243,341
61,43,244,342
61,43,245,478
61,43,246,479
61,43,247,480
61,43,96,481
61,43,97,482
61,43,98,483
61,43,99,484
61,43,100,485
61,43,101,486
61,43,102,487
61,43,103,488
61,43,104,489
61,43,105,490
61,43,106,491
61,43,107,492
61,43,108,493
61,43,109,494
61,43,110,495
61,43,113,496
61,43,114,497
61,43,115,498
61,43,116,499
61,43,117,500
61,43,118,501
61,43,119,502
61,43,120,503
61,43,123,504
61,43,124,505
61,43,125,506
61,43,126,507
61,43,127,508
61,43,128,509
61,43,129,510
61,43,130,511
61,43,131,512
61,43,132,513
61,43,133,514
61,43,134,515
61,43,135,516
61,43,136,517
61,43,137,518
61,43,138,519
61,43,139,520
61,43,140,521
61,43,141,522
61,43,142,523
61,43,143,524
61,43,144,525
61,43,145,526
61,43,146,527
61,43,147,528
61,43,148,529
61,43,149,530
61,43,150,381
61,43,151,382
61,43,152,383
61,43,153,384
61,43,154,385
61,43,155,386
61,43,156,387
61,43,157,388
61,43,158,389
61,43,159,390
61,43,160,391
61,43,161,392
61,43,162,393
61,43,163,394
61,43,164,395
61,43,165,396
61,43,166,397
61,43,167,398
61,43,168,399
61,43,169,400
61,43,170,401
61,43,171,402
61,43,172,403
61,43,173,404
61,43,174,405
61,43,175,406
61,43,178,407
61,43,179,408
61,43,180,409
61,43,469,410
61,43,470,411
61,43,471,412
61,43,472,415
61,43,473,416
61,43,474,417
61,43,475,418
61,43,533,419
61,43,534,420
61,43,535,421
61,43,536,422
61,43,537,423
61,43,538,424
61,43,539,425
61,43,540,426
61,43,541,427
61,43,542,428
61,43,543,429
61,43,544,430
61,43,545,431
61,43,546,432
61,43,547,433
61,43,548,434
61,43,549,435
61,43,550,438
61,43,551,439
61,43,552,440
61,43,553,441
61,43,554,442
61,43,555,443
61,43,556,444
61,43,557,445
61,43,558,446
61,43,559,447
61,43,560,448
61,43,561,449
61,43,562,450
61,43,563,451
61,43,564,452
61,43,565,453
61,43,566,454
61,43,567,455
61,43,568,456
61,43,569,457
61,43,570,458
61,43,571,459
61,43,572,460
61,43,573,461
61,43,574,462
61,43,575,463
61,43,576,464
61,43,578,465
61,43,468,466
