AlertId_1
184
183
182
181
180
179
178
177
176
175
174
173
172
171
170
169
168
167
166
165
164
163
162
161
160
159
158
157
156
155
154
153
152
151
150
149
148
147
146
145
144
143
142
141
140
139
138
137
136
135
781914
781915
781917
781918
781919
782117
782118
782120
782121
782122
782126
781920
781921
781922
781923
782128
782129
782130
782132
782133
782134
781734
781741
781746
781747
781751
781754
781924
781927
781928
781929
781930
782135
782136
782137
782138
782139
782140
781755
781757
781758
781762
781763
781931
781932
781933
781934
781935
782141
782142
814654
814653
814652
814651
814650
814649
814648
814647
814646
814645
814644
814643
814642
814641
814640
814639
814638
814637
814636
814635
814634
814633
814632
814631
814630
814629
814628
814627
814626
814625
814624
814623
814622
814621
814620
814619
814618
814617
814616
814615
814614
814613
814612
814611
814610
814609
814608
814607
814606
814605
805524
805523
805522
805521
805520
805519
805518
805517
805516
805515
805514
805513
805512
805511
805510
805509
805508
805507
805506
805505
805504
805503
805502
805501
805500
805499
805498
805497
805496
805495
805494
805493
805492
805491
805490
805489
805488
805487
805486
805485
805484
805483
805482
805481
805480
805479
805478
805477
805476
805475
803395
803394
803393
803392
803391
803390
803389
803388
803387
803386
803385
803384
803383
803382
803381
803380
803379
803378
803377
803376
803375
803374
803373
803372
803371
803370
803369
803368
803367
803366
803365
803364
803363
803362
803361
803360
803359
803358
803357
803356
803355
803354
803353
803352
803351
803350
803349
803348
803347
803346
